[settings]#for analysis
#when exceeded the laser measurements will be excluded
thresholdForExclusion=0.1
#after genereatign system the allowed angle difference between idealized and real system
angleErrorThreshold=0.1


##Hardware
##fromt laserkos to the vive the vector (in laser KOS) is always 62 62 -offset
TARGET_HOLDER_OFFSET=10
#
ROT_LASER2VIVE_BLACK=-1 0 0; 0 0 1 ; 0 1 0
#The red coordinate System transform
ROT_LASER2VIVE_REeeeD=0 -1 0; 0 0 1 ; -1 0 0
ROT_LASER2VIVE_REeeD=0 0 1; 1 0 0 ; 0 -1 0
#
ROT_LASER2VIVE_REDeeeee=0 0 1; 0 1 0 ; -1 0 0
##seems best for 20201001 and can be confirmed via thinking
#ROT_LASER2VIVE_RED=0 1 0; 1 0 0 ; 0 0 -1
#ROT_LASER2VIVE_RED=-0.028978250589556786 0.9995787664054477 -0.0015971049221855337 ;0.9991218158267496 0.029013303480938953 0.0302295444918011 ;0.03026314808191141 -0.0007197030544282845 -0.9995417069315745
ROT_LASER2VIVE_RED=-0.026112037567693962 0.9991795603703381 -0.0309575133400841 ;0.9995650838098004 0.026521597963909092 0.012893722106033297 ;0.013704186308211724 -0.030607368060304025 -0.999437533965005
#ROT_LASER2VIVE_RED=-0.11694115724589335 0.049478311383369965 0.9919055713346113 ;-0.11530447739376755 0.9913276012104878 -0.06304335469508802 ;-0.9864226493927141 -0.12174351638141069 -0.11022192605896435
## Data import 
#20200917
#20200717
DATE=20201002
EXPERIMENT_NUMBER=1
#BLACK or RED
COORDINATE_SYSTEM=RED